home = ( 0.002264447832, -2.017919067, -0.006796204026, 3.171417481, -0.04174958021, -1.552641585, -0.07202414817 );
zeroangle = ( 1.441941941, 0.404970928, 0.7010292201, 2.06473814, 4.354971457, 4.046641318, 3.735243219 );
